
111111111111111111111111111111111111111
1S0000000000001000000000000000000000001
101111111111101011111111111111111111101
101000000000101010000000000010000000101
101011111110101010111111111010111110101
101010000010101010100000001010100010101
101010111010101010101111101010101010101
101010101010101010101000101010101010101
101010101010100010101010101000101010101
101010101010111010101010101111101010101
101000101010000000101000000000001010101
101111101011111111101111111111111010111
1000000010000000000000000000000000100E1
111111111111111111111111111111111111111